n = 10:
Trial 1: 5, 6, 5, 6, 5, 4, 6, 4, 4, 5, 5, 6, 5, 4, 5
Trial 2: 5, 4, 6, 5, 6, 5, 5, 5, 4, 5, 6, 5, 6, 6, 4
Trial 3: 7, 8, 9, 5, 7, 6, 9, 6, 7, 7, 9, 8, 9, 7, 5
Trial 4: 5, 8, 6, 7, 8, 7, 5, 7, 7, 5, 5, 6, 8, 6, 7
Trial 5: 6, 4, 6, 6, 4, 5, 5, 6, 4, 4, 6, 5, 4, 4, 4
Trial 6: 5, 4, 4, 5, 4, 6, 5, 4, 5, 5, 5, 4, 5, 5, 5
Trial 7: 4, 6, 5, 5, 5, 5, 6, 6, 5, 6, 6, 5, 6, 4, 5
Trial 8: 5, 4, 4, 5, 6, 5, 6, 5, 4, 5, 5, 5, 5, 5, 4
Trial 9: 5, 6, 6, 6, 4, 4, 4, 6, 6, 6, 6, 6, 5, 4, 4
Trial 10: 5, 5, 5, 6, 5, 5, 6, 4, 5, 5, 6, 4, 6, 5, 4
Trial 11: 6, 6, 5, 4, 6, 5, 6, 5, 6, 5, 5, 6, 5, 6, 5
Trial 12: 4, 6, 5, 6, 5, 6, 7, 7, 7, 6, 4, 6, 4, 6, 6
Trial 13: 6, 6, 6, 6, 6, 5, 5, 4, 4, 6, 6, 5, 6, 6, 5
Trial 14: 5, 9, 7, 7, 5, 9, 7, 7, 8, 7, 7, 6, 7, 7, 7
Trial 15: 4, 5, 7, 4, 4, 6, 5, 7, 5, 6, 5, 7, 6, 4, 7
Trial 16: 6, 5, 6, 4, 7, 5, 4, 4, 6, 5, 4, 6, 5, 6, 4
Trial 17: 7, 6, 7, 5, 6, 5, 4, 6, 5, 5, 4, 5, 7, 4, 6
Trial 18: 5, 4, 6, 6, 5, 6, 7, 6, 6, 7, 6, 4, 6, 7, 6
Trial 19: 6, 6, 7, 7, 6, 5, 6, 6, 5, 5, 5, 6, 5, 6, 5
Trial 20: 7, 7, 6, 7, 7, 8, 6, 7, 5, 7, 5, 7, 7, 7, 5
n = 20:
Trial 1: 7, 7, 7, 6, 9, 7, 7, 7, 9, 6, 10, 8, 7, 7, 7
Trial 2: 8, 8, 6, 7, 10, 8, 7, 7, 8, 8, 10, 6, 9, 7, 6
Trial 3: 10, 12, 8, 9, 11, 9, 8, 13, 9, 15, 12, 10, 12, 12, 15
Trial 4: 9, 8, 7, 8, 8, 7, 9, 9, 8, 8, 6, 8, 9, 7, 7
Trial 5: 9, 7, 10, 8, 9, 8, 8, 6, 8, 8, 7, 10, 8, 9, 10
Trial 6: 9, 10, 10, 9, 9, 10, 9, 11, 9, 9, 10, 10, 10, 9, 8
Trial 7: 7, 8, 6, 8, 10, 8, 8, 8, 8, 7, 7, 10, 8, 9, 8
Trial 8: 7, 7, 7, 7, 8, 7, 10, 7, 7, 9, 8, 6, 6, 7, 8
Trial 9: 8, 9, 8, 7, 9, 6, 8, 8, 10, 6, 8, 9, 8, 8, 9
Trial 10: 7, 8, 8, 8, 7, 8, 7, 6, 8, 8, 8, 6, 6, 6, 6
Trial 11: 10, 8, 12, 9, 9, 7, 11, 11, 7, 10, 7, 12, 11, 7, 9
Trial 12: 7, 9, 8, 8, 7, 7, 9, 7, 7, 8, 9, 7, 9, 7, 9
Trial 13: 7, 7, 8, 7, 7, 8, 8, 6, 8, 9, 7, 8, 9, 7, 7
Trial 14: 6, 8, 8, 8, 10, 10, 10, 6, 8, 8, 8, 8, 9, 9, 6
Trial 15: 7, 6, 8, 9, 9, 8, 6, 10, 6, 6, 6, 8, 7, 6, 9
Trial 16: 7, 10, 7, 10, 12, 9, 9, 7, 9, 8, 10, 10, 8, 7, 9
Trial 17: 7, 7, 6, 8, 8, 7, 6, 9, 8, 8, 8, 8, 6, 8, 8
Trial 18: 9, 8, 6, 9, 6, 9, 8, 10, 8, 8, 9, 7, 8, 8, 7
Trial 19: 9, 6, 6, 7, 8, 7, 8, 8, 7, 8, 7, 8, 7, 8, 9
Trial 20: 8, 8, 9, 9, 8, 8, 10, 7, 7, 7, 9, 7, 8, 9, 6
n = 30:
Trial 1: 8, 10, 11, 11, 15, 11, 11, 13, 10, 11, 13, 13, 13, 8, 9
Trial 2: 10, 8, 8, 9, 9, 8, 8, 9, 10, 9, 10, 7, 10, 10, 9
Trial 3: 9, 9, 8, 10, 8, 8, 9, 7, 10, 9, 7, 6, 9, 8, 9
Trial 4: 9, 9, 11, 10, 10, 9, 10, 7, 8, 9, 9, 9, 10, 8, 8
Trial 5: 11, 11, 9, 9, 10, 11, 12, 9, 12, 10, 11, 8, 9, 10, 11
Trial 6: 9, 8, 7, 9, 8, 10, 9, 9, 8, 9, 8, 9, 8, 9, 8
Trial 7: 11, 10, 9, 8, 8, 8, 7, 9, 11, 10, 10, 9, 12, 9, 9
Trial 8: 13, 13, 10, 10, 13, 10, 13, 11, 12, 9, 14, 10, 10, 10, 10
Trial 9: 11, 9, 9, 7, 9, 8, 8, 9, 11, 7, 9, 7, 10, 8, 10
Trial 10: 11, 13, 10, 11, 12, 11, 12, 10, 11, 10, 11, 12, 9, 9, 13
Trial 11: 13, 15, 12, 13, 11, 14, 9, 10, 9, 14, 11, 15, 13, 9, 9
Trial 12: 10, 12, 13, 10, 10, 10, 10, 10, 9, 13, 10, 11, 13, 12, 9
Trial 13: 10, 12, 10, 11, 12, 7, 10, 8, 9, 12, 11, 12, 10, 10, 10
Trial 14: 15, 15, 14, 12, 10, 12, 14, 13, 15, 14, 14, 14, 10, 15, 9
Trial 15: 9, 13, 11, 9, 9, 8, 10, 10, 13, 11, 7, 9, 11, 10, 11
Trial 16: 10, 14, 10, 14, 10, 10, 12, 13, 10, 14, 14, 10, 12, 13, 13
Trial 17: 12, 9, 10, 11, 11, 13, 13, 14, 9, 13, 12, 14, 11, 13, 12
Trial 18: 9, 9, 7, 9, 10, 9, 10, 8, 12, 11, 8, 9, 12, 7, 8
Trial 19: 10, 11, 16, 16, 11, 11, 13, 15, 12, 9, 13, 16, 15, 16, 15
Trial 20: 13, 13, 10, 9, 10, 13, 13, 14, 10, 14, 14, 10, 13, 10, 10
n = 40:
Trial 1: 8, 11, 11, 10, 8, 9, 13, 8, 10, 9, 9, 11, 10, 10, 14
Trial 2: 16, 16, 11, 16, 17, 12, 16, 15, 11, 12, 15, 15, 13, 17, 12
Trial 3: 15, 12, 12, 14, 12, 11, 12, 11, 14, 9, 11, 9, 14, 11, 13
Trial 4: 15, 17, 14, 19, 14, 17, 15, 12, 16, 12, 12, 18, 13, 13, 10
Trial 5: 12, 14, 12, 10, 13, 8, 10, 12, 11, 11, 10, 10, 12, 10, 11
Trial 6: 11, 10, 12, 11, 11, 17, 13, 10, 11, 10, 11, 16, 13, 17, 12
Trial 7: 14, 12, 10, 10, 14, 14, 14, 10, 11, 11, 10, 12, 14, 10, 14
Trial 8: 15, 10, 10, 12, 10, 9, 14, 11, 12, 11, 11, 13, 13, 14, 13
Trial 9: 11, 12, 12, 10, 10, 11, 12, 11, 12, 11, 16, 11, 12, 10, 12
Trial 10: 9, 12, 12, 12, 12, 11, 13, 12, 13, 12, 12, 10, 10, 8, 11
Trial 11: 12, 13, 13, 13, 13, 15, 9, 11, 11, 12, 10, 13, 15, 11, 12
Trial 12: 11, 12, 12, 9, 9, 13, 10, 12, 11, 11, 12, 11, 11, 10, 10
Trial 13: 9, 10, 10, 13, 12, 10, 11, 9, 10, 9, 13, 12, 11, 12, 11
Trial 14: 10, 11, 12, 11, 11, 11, 10, 11, 10, 13, 12, 9, 14, 9, 14
Trial 15: 16, 15, 16, 12, 12, 12, 13, 15, 14, 13, 10, 16, 13, 14, 12
Trial 16: 14, 12, 8, 12, 12, 14, 14, 11, 13, 14, 11, 12, 13, 10, 11
Trial 17: 11, 13, 13, 12, 12, 12, 10, 16, 16, 11, 11, 13, 13, 12, 13
Trial 18: 11, 13, 9, 10, 14, 13, 11, 13, 12, 12, 13, 13, 13, 13, 14
Trial 19: 16, 12, 16, 11, 11, 11, 16, 15, 13, 13, 16, 10, 13, 9, 13
Trial 20: 12, 11, 10, 10, 12, 9, 9, 12, 12, 10, 15, 15, 11, 9, 13
n = 50:
Trial 1: 14, 15, 9, 14, 12, 14, 12, 12, 9, 11, 15, 13, 15, 10, 12
Trial 2: 13, 16, 14, 16, 11, 14, 14, 14, 14, 17, 10, 13, 13, 12, 16
Trial 3: 17, 12, 15, 17, 18, 14, 11, 10, 11, 11, 12, 19, 12, 12, 12
Trial 4: 13, 17, 17, 20, 13, 17, 16, 17, 15, 11, 15, 12, 18, 20, 19
Trial 5: 12, 19, 14, 13, 11, 18, 14, 11, 14, 14, 15, 15, 13, 14, 14
Trial 6: 12, 16, 18, 16, 15, 11, 17, 16, 13, 15, 16, 17, 15, 10, 15
Trial 7: 11, 15, 12, 10, 11, 11, 10, 15, 16, 16, 11, 13, 15, 10, 10
Trial 8: 11, 11, 11, 14, 11, 12, 10, 14, 11, 14, 13, 13, 13, 11, 12
Trial 9: 10, 11, 11, 13, 13, 16, 13, 15, 14, 15, 10, 13, 15, 13, 15
Trial 10: 16, 13, 13, 9, 13, 12, 12, 13, 11, 14, 12, 15, 14, 13, 12
Trial 11: 10, 16, 14, 12, 16, 14, 14, 17, 11, 15, 16, 16, 14, 16, 15
Trial 12: 13, 13, 12, 10, 12, 10, 9, 12, 12, 14, 12, 9, 9, 13, 10
Trial 13: 18, 17, 15, 18, 15, 12, 12, 16, 13, 17, 15, 17, 12, 12, 16
Trial 14: 11, 11, 12, 16, 13, 11, 14, 12, 13, 13, 10, 11, 15, 12, 15
Trial 15: 11, 11, 11, 10, 10, 12, 10, 10, 12, 11, 12, 13, 11, 10, 11
Trial 16: 14, 12, 17, 16, 14, 15, 20, 15, 17, 17, 15, 16, 13, 19, 14
Trial 17: 14, 16, 17, 14, 15, 18, 13, 13, 15, 13, 11, 14, 12, 13, 12
Trial 18: 10, 14, 14, 13, 16, 12, 13, 12, 13, 11, 12, 15, 13, 13, 12
Trial 19: 13, 12, 13, 13, 13, 12, 10, 10, 12, 13, 13, 14, 12, 13, 11
Trial 20: 13, 14, 12, 15, 15, 15, 11, 12, 12, 12, 14, 14, 14, 10, 15
n = 60:
Trial 1: 15, 21, 15, 15, 16, 16, 15, 21, 16, 20, 20, 19, 16, 15, 16
Trial 2: 18, 16, 14, 15, 16, 12, 13, 11, 18, 16, 14, 12, 13, 13, 11
Trial 3: 14, 20, 16, 15, 12, 15, 15, 13, 14, 20, 18, 17, 18, 17, 13
Trial 4: 13, 13, 10, 11, 12, 13, 13, 14, 11, 14, 11, 14, 10, 15, 12
Trial 5: 11, 13, 14, 10, 11, 12, 16, 12, 15, 14, 15, 13, 10, 12, 15
Trial 6: 9, 9, 13, 10, 9, 11, 11, 13, 9, 9, 11, 13, 9, 11, 11
Trial 7: 16, 15, 14, 17, 13, 17, 16, 12, 14, 16, 20, 13, 12, 20, 15
Trial 8: 14, 14, 13, 16, 12, 15, 13, 15, 12, 14, 13, 13, 18, 19, 13
Trial 9: 19, 12, 15, 14, 17, 15, 18, 14, 14, 15, 20, 18, 20, 13, 18
Trial 10: 15, 14, 16, 12, 14, 17, 13, 15, 12, 16, 16, 14, 12, 14, 13
Trial 11: 12, 14, 11, 13, 11, 11, 11, 13, 11, 11, 10, 12, 12, 10, 14
Trial 12: 17, 13, 15, 15, 13, 21, 18, 14, 14, 21, 17, 21, 15, 21, 15
Trial 13: 17, 20, 20, 20, 21, 22, 20, 16, 16, 20, 19, 13, 15, 18, 19
Trial 14: 15, 11, 13, 12, 13, 11, 15, 18, 13, 17, 13, 14, 18, 14, 18
Trial 15: 18, 19, 14, 14, 20, 11, 19, 20, 18, 17, 17, 14, 15, 12, 20
Trial 16: 10, 12, 10, 10, 10, 10, 13, 10, 12, 12, 9, 10, 11, 14, 9
Trial 17: 15, 19, 15, 12, 16, 15, 14, 18, 16, 11, 12, 10, 16, 15, 14
Trial 18: 14, 14, 18, 13, 19, 22, 21, 14, 18, 22, 17, 14, 17, 12, 17
Trial 19: 17, 19, 16, 19, 24, 15, 17, 15, 19, 18, 17, 17, 16, 20, 17
Trial 20: 12, 14, 14, 11, 18, 15, 13, 13, 10, 13, 14, 12, 15, 13, 14
n = 70:
Trial 1: 20, 21, 20, 19, 20, 19, 26, 22, 20, 23, 19, 16, 25, 19, 24
Trial 2: 16, 16, 17, 20, 11, 17, 17, 16, 17, 15, 16, 17, 15, 13, 19
Trial 3: 16, 19, 14, 15, 17, 19, 16, 14, 16, 16, 17, 14, 13, 18, 16
Trial 4: 19, 19, 22, 18, 18, 17, 14, 16, 17, 13, 16, 19, 15, 17, 20
Trial 5: 19, 17, 19, 19, 18, 18, 19, 22, 21, 21, 20, 18, 21, 21, 19
Trial 6: 12, 15, 13, 15, 15, 15, 13, 15, 14, 19, 15, 16, 18, 17, 16
Trial 7: 15, 18, 19, 21, 19, 20, 19, 19, 20, 18, 24, 20, 19, 20, 15
Trial 8: 21, 16, 12, 19, 17, 19, 17, 18, 17, 17, 13, 12, 13, 19, 18
Trial 9: 16, 14, 15, 14, 18, 12, 17, 13, 16, 14, 12, 13, 16, 10, 10
Trial 10: 16, 16, 14, 13, 14, 16, 11, 18, 12, 17, 14, 15, 16, 12, 14
Trial 11: 15, 14, 19, 20, 15, 19, 17, 20, 16, 16, 18, 17, 17, 13, 15
Trial 12: 13, 14, 20, 15, 15, 17, 15, 14, 13, 15, 15, 17, 13, 13, 12
Trial 13: 23, 23, 15, 25, 18, 19, 16, 18, 18, 19, 16, 23, 15, 20, 13
Trial 14: 15, 14, 17, 15, 14, 13, 17, 14, 14, 18, 12, 15, 15, 14, 17
Trial 15: 14, 17, 18, 19, 14, 15, 20, 13, 15, 16, 15, 15, 17, 19, 20
Trial 16: 16, 16, 15, 13, 12, 16, 13, 14, 15, 10, 14, 14, 17, 11, 16
Trial 17: 17, 22, 18, 14, 15, 19, 22, 19, 22, 21, 16, 18, 21, 16, 18
Trial 18: 18, 16, 15, 20, 12, 13, 14, 16, 18, 15, 20, 19, 15, 19, 12
Trial 19: 16, 18, 17, 21, 19, 16, 17, 17, 21, 16, 19, 20, 22, 16, 12
Trial 20: 14, 22, 18, 21, 20, 17, 18, 18, 14, 21, 21, 13, 15, 20, 14
n = 80:
Trial 1: 12, 15, 19, 14, 18, 17, 21, 17, 18, 14, 17, 19, 17, 16, 16
Trial 2: 12, 14, 18, 13, 17, 18, 12, 15, 16, 17, 15, 15, 13, 15, 18
Trial 3: 24, 22, 23, 22, 20, 16, 24, 19, 19, 20, 24, 19, 22, 20, 22
Trial 4: 16, 19, 22, 20, 16, 19, 16, 15, 19, 20, 17, 19, 15, 22, 21
Trial 5: 15, 15, 15, 15, 19, 20, 21, 15, 14, 18, 14, 18, 14, 21, 21
Trial 6: 18, 18, 16, 19, 15, 18, 18, 18, 16, 20, 11, 17, 18, 19, 18
Trial 7: 17, 14, 20, 17, 16, 14, 18, 17, 19, 16, 16, 17, 19, 16, 17
Trial 8: 10, 11, 13, 12, 13, 16, 13, 16, 13, 13, 12, 11, 16, 16, 11
Trial 9: 16, 15, 14, 11, 11, 17, 18, 17, 14, 17, 16, 16, 16, 14, 16
Trial 10: 16, 14, 13, 19, 18, 17, 17, 16, 12, 15, 15, 16, 18, 14, 13
Trial 11: 15, 10, 13, 11, 12, 11, 16, 12, 13, 16, 11, 13, 12, 10, 12
Trial 12: 16, 20, 15, 17, 22, 19, 21, 18, 18, 13, 13, 17, 18, 17, 19
Trial 13: 12, 12, 17, 15, 13, 14, 14, 18, 14, 13, 11, 15, 15, 13, 13
Trial 14: 18, 15, 18, 19, 18, 15, 18, 18, 25, 21, 20, 22, 17, 21, 21
Trial 15: 17, 25, 21, 17, 17, 19, 18, 23, 21, 15, 23, 22, 21, 19, 22
Trial 16: 12, 14, 13, 15, 17, 15, 18, 13, 11, 13, 15, 13, 16, 17, 15
Trial 17: 18, 18, 22, 18, 17, 24, 23, 24, 21, 20, 24, 23, 21, 19, 20
Trial 18: 12, 15, 19, 12, 16, 20, 12, 13, 19, 12, 17, 13, 16, 13, 17
Trial 19: 13, 14, 11, 13, 17, 11, 11, 10, 14, 15, 14, 13, 15, 16, 14
Trial 20: 13, 14, 14, 14, 11, 12, 13, 11, 15, 12, 15, 14, 15, 13, 12
n = 90:
Trial 1: 17, 20, 15, 15, 15, 13, 18, 15, 13, 15, 16, 17, 19, 19, 17
Trial 2: 15, 15, 23, 23, 17, 22, 26, 26, 23, 26, 21, 23, 21, 25, 21
Trial 3: 15, 15, 15, 16, 14, 22, 20, 21, 19, 16, 16, 15, 17, 15, 17
Trial 4: 21, 19, 14, 14, 15, 21, 17, 18, 21, 18, 14, 16, 23, 18, 14
Trial 5: 19, 18, 15, 16, 16, 18, 15, 18, 14, 17, 14, 19, 16, 17, 21
Trial 6: 21, 16, 17, 13, 15, 17, 13, 12, 18, 15, 18, 22, 19, 13, 17
Trial 7: 22, 27, 26, 26, 19, 24, 23, 24, 26, 21, 27, 26, 25, 21, 18
Trial 8: 17, 16, 17, 17, 16, 15, 14, 17, 16, 17, 17, 15, 13, 17, 17
Trial 9: 17, 14, 25, 22, 21, 17, 16, 18, 15, 24, 15, 21, 20, 13, 17
Trial 10: 16, 12, 22, 21, 16, 14, 19, 15, 15, 15, 15, 17, 14, 14, 21
Trial 11: 16, 16, 16, 16, 14, 16, 16, 16, 13, 18, 15, 20, 15, 14, 15
Trial 12: 18, 19, 15, 20, 18, 18, 17, 19, 18, 20, 13, 15, 18, 17, 14
Trial 13: 13, 17, 23, 22, 21, 19, 18, 21, 19, 17, 22, 19, 18, 18, 18
Trial 14: 25, 17, 26, 20, 24, 27, 20, 21, 16, 26, 18, 24, 18, 19, 20
Trial 15: 17, 17, 15, 17, 15, 15, 16, 13, 15, 14, 16, 19, 16, 22, 15
Trial 16: 17, 17, 15, 12, 14, 13, 16, 14, 16, 14, 14, 17, 13, 13, 14
Trial 17: 17, 15, 17, 18, 26, 28, 21, 21, 16, 27, 22, 27, 20, 25, 23
Trial 18: 17, 21, 22, 15, 17, 21, 19, 22, 18, 21, 22, 25, 15, 23, 17
Trial 19: 15, 14, 21, 15, 19, 13, 20, 18, 14, 17, 16, 14, 16, 15, 15
Trial 20: 24, 18, 24, 25, 25, 23, 28, 15, 18, 27, 18, 20, 18, 21, 19
n = 100:
Trial 1: 13, 16, 13, 18, 21, 16, 17, 12, 16, 17, 19, 18, 19, 20, 18
Trial 2: 14, 17, 16, 17, 20, 15, 16, 16, 14, 19, 13, 15, 17, 16, 14
Trial 3: 26, 18, 16, 21, 22, 18, 19, 14, 22, 26, 17, 15, 16, 22, 22
Trial 4: 17, 21, 21, 21, 17, 15, 19, 19, 17, 17, 20, 19, 22, 14, 22
Trial 5: 19, 20, 20, 21, 23, 14, 18, 16, 17, 19, 20, 17, 19, 17, 18
Trial 6: 23, 21, 23, 18, 23, 20, 16, 19, 16, 17, 24, 17, 19, 17, 17
Trial 7: 16, 14, 16, 13, 16, 15, 15, 16, 14, 16, 14, 15, 20, 13, 17
Trial 8: 21, 20, 18, 17, 19, 21, 21, 17, 19, 14, 13, 18, 20, 21, 23
Trial 9: 19, 23, 18, 17, 19, 20, 22, 24, 17, 19, 22, 16, 18, 21, 19
Trial 10: 16, 15, 22, 20, 17, 18, 21, 20, 17, 20, 18, 18, 13, 15, 16
Trial 11: 24, 23, 20, 19, 18, 19, 21, 15, 23, 23, 15, 19, 18, 14, 20
Trial 12: 19, 19, 22, 19, 14, 16, 16, 16, 23, 22, 14, 19, 19, 22, 22
Trial 13: 16, 18, 15, 13, 13, 18, 16, 14, 17, 16, 14, 15, 17, 18, 18
Trial 14: 28, 30, 19, 28, 20, 21, 20, 26, 29, 21, 17, 21, 24, 22, 24
Trial 15: 21, 13, 14, 18, 17, 19, 20, 21, 15, 23, 17, 21, 17, 20, 21
Trial 16: 22, 20, 21, 15, 21, 22, 19, 25, 16, 20, 23, 28, 25, 21, 28
Trial 17: 28, 24, 19, 18, 20, 20, 23, 23, 23, 23, 17, 23, 17, 29, 23
Trial 18: 19, 19, 21, 24, 16, 16, 19, 26, 23, 24, 16, 22, 21, 16, 22
Trial 19: 17, 13, 15, 18, 11, 13, 12, 12, 14, 12, 17, 15, 15, 12, 13
Trial 20: 19, 20, 22, 18, 15, 22, 18, 18, 22, 20, 21, 21, 20, 20, 18
n = 110:
Trial 1: 16, 16, 14, 14, 18, 16, 12, 13, 13, 15, 17, 15, 15, 15, 17
Trial 2: 24, 26, 21, 19, 23, 22, 26, 19, 15, 21, 25, 24, 20, 26, 20
Trial 3: 16, 20, 19, 21, 19, 15, 18, 20, 21, 23, 23, 17, 18, 21, 20
Trial 4: 22, 23, 25, 22, 21, 22, 22, 21, 26, 27, 22, 28, 26, 17, 25
Trial 5: 32, 30, 25, 35, 35, 26, 29, 26, 32, 32, 20, 22, 27, 21, 33
Trial 6: 14, 19, 19, 17, 22, 15, 17, 18, 15, 17, 16, 16, 17, 20, 23
Trial 7: 23, 19, 26, 24, 21, 22, 28, 24, 29, 18, 24, 28, 25, 27, 31
Trial 8: 25, 27, 20, 28, 23, 24, 23, 25, 23, 23, 27, 23, 26, 26, 23
Trial 9: 20, 26, 25, 27, 30, 28, 20, 28, 26, 23, 22, 21, 18, 25, 28
Trial 10: 36, 35, 31, 24, 26, 21, 20, 32, 28, 32, 25, 30, 33, 36, 23
Trial 11: 17, 22, 20, 26, 21, 16, 24, 19, 24, 16, 20, 15, 22, 19, 19
Trial 12: 18, 19, 18, 18, 17, 18, 16, 19, 18, 16, 18, 17, 13, 19, 15
Trial 13: 16, 16, 15, 17, 18, 13, 17, 21, 18, 16, 19, 18, 19, 15, 23
Trial 14: 18, 21, 27, 17, 26, 26, 21, 28, 20, 25, 21, 20, 28, 21, 27
Trial 15: 18, 18, 22, 19, 22, 15, 16, 19, 18, 21, 16, 21, 17, 15, 13
Trial 16: 20, 18, 24, 25, 18, 24, 23, 21, 27, 22, 19, 23, 27, 26, 21
Trial 17: 25, 28, 25, 26, 26, 25, 27, 25, 27, 26, 18, 19, 22, 21, 20
Trial 18: 28, 22, 22, 26, 23, 25, 17, 18, 25, 21, 18, 22, 18, 26, 22
Trial 19: 18, 17, 19, 23, 21, 21, 19, 17, 23, 21, 19, 15, 21, 18, 18
Trial 20: 19, 22, 17, 22, 16, 17, 20, 15, 19, 17, 17, 16, 19, 16, 19
n = 120:
Trial 1: 16, 25, 18, 21, 24, 26, 25, 16, 23, 20, 22, 15, 21, 19, 14
Trial 2: 14, 19, 18, 18, 21, 20, 20, 21, 25, 20, 18, 23, 18, 21, 18
Trial 3: 24, 17, 21, 20, 15, 20, 25, 19, 18, 20, 18, 19, 18, 23, 18
Trial 4: 15, 18, 20, 19, 17, 15, 17, 16, 17, 13, 16, 17, 18, 17, 16
Trial 5: 21, 17, 16, 15, 15, 14, 19, 14, 18, 15, 16, 15, 22, 16, 18
Trial 6: 16, 17, 23, 18, 18, 22, 18, 17, 18, 14, 16, 19, 24, 17, 19
Trial 7: 26, 26, 31, 32, 24, 33, 28, 24, 34, 35, 22, 23, 29, 23, 33
Trial 8: 27, 22, 28, 19, 23, 25, 25, 19, 24, 18, 24, 18, 23, 18, 25
Trial 9: 20, 18, 15, 17, 13, 19, 18, 19, 15, 18, 14, 15, 16, 19, 16
Trial 10: 21, 21, 25, 25, 18, 21, 16, 18, 20, 20, 24, 22, 21, 22, 19
Trial 11: 18, 17, 20, 13, 17, 20, 20, 21, 18, 15, 16, 19, 22, 15, 19
Trial 12: 24, 29, 20, 20, 24, 25, 26, 20, 28, 20, 35, 31, 29, 29, 34
Trial 13: 22, 20, 20, 23, 19, 17, 19, 17, 19, 22, 19, 19, 21, 20, 26
Trial 14: 15, 19, 20, 21, 21, 20, 16, 15, 17, 14, 16, 14, 18, 17, 20
Trial 15: 24, 15, 19, 23, 17, 18, 15, 20, 14, 15, 21, 15, 22, 25, 15
Trial 16: 18, 21, 24, 30, 27, 28, 28, 29, 23, 27, 25, 18, 27, 23, 18
Trial 17: 23, 23, 19, 22, 22, 20, 20, 24, 19, 25, 21, 22, 26, 19, 20
Trial 18: 14, 17, 17, 21, 23, 20, 16, 13, 20, 15, 19, 14, 15, 15, 16
Trial 19: 20, 28, 20, 21, 21, 22, 24, 28, 16, 22, 16, 23, 21, 25, 16
Trial 20: 20, 18, 18, 16, 16, 20, 16, 20, 19, 16, 16, 23, 22, 14, 21
n = 130:
Trial 1: 20, 16, 16, 20, 19, 18, 20, 20, 22, 22, 19, 19, 17, 17, 17
Trial 2: 25, 22, 15, 26, 22, 16, 19, 25, 22, 26, 20, 23, 24, 20, 20
Trial 3: 18, 21, 21, 21, 28, 20, 20, 25, 20, 17, 19, 28, 26, 27, 22
Trial 4: 17, 19, 14, 16, 15, 20, 17, 14, 19, 19, 15, 16, 13, 20, 17
Trial 5: 19, 20, 16, 21, 18, 21, 17, 20, 19, 18, 21, 22, 17, 19, 18
Trial 6: 24, 22, 19, 20, 22, 20, 23, 23, 23, 26, 22, 22, 25, 23, 19
Trial 7: 14, 17, 17, 15, 13, 19, 12, 17, 16, 20, 18, 15, 17, 21, 15
Trial 8: 25, 22, 25, 25, 15, 23, 22, 27, 25, 20, 23, 21, 24, 19, 23
Trial 9: 20, 22, 19, 21, 16, 23, 22, 19, 22, 15, 22, 23, 16, 22, 22
Trial 10: 20, 24, 25, 21, 25, 25, 29, 26, 17, 24, 21, 17, 29, 21, 20
Trial 11: 17, 21, 24, 15, 21, 21, 19, 19, 22, 21, 21, 15, 23, 18, 18
Trial 12: 33, 29, 22, 29, 32, 19, 28, 25, 25, 27, 21, 23, 24, 24, 24
Trial 13: 31, 26, 27, 30, 28, 30, 33, 32, 30, 26, 27, 21, 30, 26, 34
Trial 14: 24, 27, 25, 22, 16, 18, 22, 28, 19, 17, 26, 16, 24, 25, 25
Trial 15: 15, 19, 15, 13, 19, 14, 20, 20, 16, 14, 14, 14, 19, 15, 18
Trial 16: 21, 18, 26, 25, 26, 25, 25, 17, 19, 25, 22, 25, 27, 24, 24
Trial 17: 18, 18, 20, 23, 18, 20, 21, 22, 17, 20, 19, 19, 21, 17, 19
Trial 18: 16, 22, 16, 21, 21, 17, 22, 14, 21, 18, 18, 18, 21, 18, 19
Trial 19: 24, 24, 21, 15, 19, 27, 19, 24, 19, 21, 26, 15, 22, 20, 21
Trial 20: 21, 17, 16, 19, 21, 19, 21, 17, 14, 21, 21, 19, 15, 22, 15
n = 140:
Trial 1: 13, 24, 17, 21, 21, 15, 19, 19, 20, 20, 22, 20, 20, 19, 24
Trial 2: 17, 17, 23, 20, 17, 20, 22, 25, 19, 18, 14, 24, 20, 18, 17
Trial 3: 16, 22, 14, 20, 14, 19, 24, 17, 21, 15, 21, 19, 17, 21, 19
Trial 4: 26, 21, 28, 25, 21, 23, 27, 29, 18, 24, 24, 17, 29, 24, 25
Trial 5: 23, 23, 20, 16, 19, 16, 20, 23, 25, 24, 23, 21, 21, 18, 18
Trial 6: 22, 23, 21, 27, 20, 25, 20, 20, 21, 23, 24, 25, 20, 21, 16
Trial 7: 21, 17, 24, 19, 26, 25, 25, 25, 26, 18, 20, 19, 20, 22, 19
Trial 8: 27, 29, 25, 30, 20, 20, 21, 29, 27, 20, 28, 18, 30, 27, 22
Trial 9: 22, 20, 28, 27, 17, 22, 25, 19, 16, 24, 24, 20, 20, 17, 23
Trial 10: 22, 22, 26, 22, 22, 26, 28, 29, 24, 19, 22, 24, 22, 23, 21
Trial 11: 17, 22, 21, 15, 15, 19, 17, 24, 19, 22, 16, 20, 21, 17, 19
Trial 12: 19, 23, 20, 25, 29, 32, 20, 21, 21, 18, 32, 21, 19, 30, 27
Trial 13: 20, 29, 19, 19, 19, 22, 20, 23, 24, 23, 22, 30, 23, 25, 21
Trial 14: 22, 21, 22, 21, 23, 25, 24, 25, 22, 27, 21, 24, 29, 18, 25
Trial 15: 23, 23, 20, 25, 25, 22, 18, 25, 16, 20, 25, 23, 23, 25, 22
Trial 16: 24, 21, 19, 22, 18, 18, 20, 15, 23, 18, 19, 17, 21, 16, 15
Trial 17: 23, 31, 34, 29, 32, 35, 28, 35, 30, 27, 30, 34, 26, 35, 31
Trial 18: 31, 24, 27, 28, 24, 28, 23, 27, 23, 30, 28, 28, 29, 32, 28
Trial 19: 35, 32, 28, 29, 36, 30, 36, 23, 24, 33, 35, 30, 24, 34, 29
Trial 20: 22, 18, 13, 21, 16, 19, 17, 17, 14, 21, 19, 19, 17, 16, 17
n = 150:
Trial 1: 23, 19, 21, 23, 21, 22, 23, 21, 17, 24, 21, 21, 18, 24, 21
Trial 2: 27, 23, 22, 31, 21, 22, 22, 22, 31, 23, 31, 22, 25, 21, 18
Trial 3: 21, 32, 23, 32, 25, 35, 31, 23, 33, 35, 32, 37, 25, 23, 32
Trial 4: 21, 17, 16, 21, 22, 19, 22, 21, 16, 20, 23, 14, 19, 20, 17
Trial 5: 19, 24, 20, 30, 27, 24, 24, 20, 28, 20, 26, 23, 24, 19, 17
Trial 6: 20, 18, 26, 26, 30, 31, 31, 25, 31, 24, 20, 27, 24, 26, 23
Trial 7: 30, 22, 28, 23, 27, 28, 19, 25, 25, 26, 27, 29, 28, 27, 24
Trial 8: 31, 27, 25, 23, 24, 30, 25, 22, 23, 17, 24, 28, 22, 25, 20
Trial 9: 27, 27, 20, 25, 19, 20, 19, 22, 27, 20, 19, 17, 22, 26, 17
Trial 10: 20, 26, 25, 28, 18, 25, 32, 19, 30, 29, 25, 21, 29, 28, 27
Trial 11: 25, 24, 24, 18, 23, 18, 23, 20, 16, 23, 24, 18, 20, 21, 24
Trial 12: 27, 24, 25, 21, 23, 25, 26, 20, 27, 21, 32, 25, 20, 20, 24
Trial 13: 23, 18, 19, 23, 15, 23, 20, 21, 22, 24, 18, 19, 15, 22, 20
Trial 14: 18, 20, 21, 24, 22, 20, 19, 20, 25, 24, 18, 21, 18, 19, 25
Trial 15: 22, 26, 26, 27, 20, 24, 31, 22, 27, 20, 21, 23, 24, 30, 21
Trial 16: 30, 30, 23, 24, 18, 30, 27, 26, 23, 25, 19, 22, 28, 20, 22
Trial 17: 28, 23, 22, 27, 26, 23, 17, 19, 22, 24, 18, 18, 20, 21, 25
Trial 18: 17, 28, 21, 18, 19, 23, 25, 21, 24, 23, 22, 23, 23, 22, 22
Trial 19: 23, 20, 20, 23, 18, 23, 19, 17, 20, 14, 25, 19, 19, 21, 21
Trial 20: 16, 22, 25, 25, 20, 21, 26, 24, 16, 26, 23, 23, 22, 22, 19
n = 160:
Trial 1: 15, 26, 18, 21, 18, 19, 24, 17, 22, 20, 24, 26, 19, 19, 19
Trial 2: 17, 21, 18, 22, 23, 20, 26, 24, 26, 24, 25, 20, 21, 24, 24
Trial 3: 18, 23, 27, 21, 19, 16, 26, 21, 19, 21, 20, 24, 16, 24, 23
Trial 4: 26, 20, 18, 22, 24, 24, 23, 17, 25, 22, 24, 19, 19, 19, 24
Trial 5: 31, 21, 32, 29, 23, 32, 31, 27, 22, 24, 33, 30, 24, 20, 27
Trial 6: 22, 27, 30, 24, 31, 27, 23, 20, 31, 22, 24, 18, 23, 30, 26
Trial 7: 16, 23, 28, 19, 20, 22, 17, 16, 20, 19, 21, 26, 16, 24, 24
Trial 8: 17, 25, 26, 28, 29, 28, 27, 17, 19, 21, 24, 16, 19, 23, 22
Trial 9: 22, 19, 14, 25, 19, 23, 22, 17, 21, 22, 17, 20, 21, 17, 16
Trial 10: 23, 21, 19, 18, 25, 19, 26, 24, 26, 20, 21, 22, 20, 21, 18
Trial 11: 17, 21, 16, 25, 22, 17, 21, 19, 20, 25, 23, 25, 20, 21, 22
Trial 12: 16, 22, 17, 18, 16, 21, 23, 16, 25, 21, 16, 21, 18, 18, 19
Trial 13: 17, 21, 15, 18, 19, 19, 17, 21, 18, 18, 19, 17, 17, 19, 18
Trial 14: 26, 19, 26, 28, 17, 20, 24, 24, 27, 20, 16, 24, 19, 17, 25
Trial 15: 20, 17, 19, 18, 19, 17, 18, 22, 21, 20, 19, 24, 21, 18, 23
Trial 16: 18, 21, 19, 21, 20, 18, 21, 17, 22, 21, 17, 23, 18, 17, 18
Trial 17: 19, 18, 19, 22, 19, 20, 25, 17, 20, 28, 22, 23, 19, 18, 21
Trial 18: 24, 20, 16, 20, 21, 25, 25, 15, 21, 20, 17, 20, 20, 24, 19
Trial 19: 21, 27, 27, 28, 28, 30, 29, 30, 23, 18, 29, 28, 19, 30, 32
Trial 20: 21, 22, 20, 22, 22, 21, 24, 22, 22, 22, 19, 20, 22, 27, 23
n = 170:
Trial 1: 15, 19, 14, 15, 21, 20, 18, 12, 16, 14, 16, 16, 17, 19, 16
Trial 2: 28, 25, 22, 19, 27, 19, 19, 21, 21, 25, 28, 22, 26, 25, 18
Trial 3: 35, 30, 33, 23, 33, 37, 36, 23, 38, 40, 28, 38, 34, 26, 31
Trial 4: 23, 21, 27, 19, 20, 23, 22, 27, 25, 20, 17, 27, 22, 16, 21
Trial 5: 19, 23, 23, 18, 23, 22, 20, 22, 16, 20, 23, 20, 24, 17, 15
Trial 6: 20, 22, 18, 26, 21, 30, 28, 18, 25, 20, 28, 25, 21, 25, 26
Trial 7: 25, 18, 21, 27, 20, 22, 26, 19, 19, 26, 22, 25, 19, 17, 24
Trial 8: 30, 34, 30, 36, 33, 38, 26, 25, 22, 33, 27, 27, 26, 29, 30
Trial 9: 27, 24, 19, 21, 23, 26, 26, 24, 24, 24, 21, 17, 23, 25, 18
Trial 10: 33, 24, 36, 24, 22, 20, 25, 24, 24, 33, 24, 34, 27, 28, 32
Trial 11: 23, 25, 21, 25, 21, 19, 27, 24, 20, 18, 21, 22, 25, 20, 27
Trial 12: 31, 35, 27, 24, 28, 26, 26, 31, 26, 30, 22, 22, 30, 30, 37
Trial 13: 40, 29, 36, 27, 33, 32, 25, 33, 35, 34, 29, 34, 38, 36, 36
Trial 14: 18, 28, 25, 24, 20, 20, 26, 26, 18, 26, 20, 28, 23, 22, 31
Trial 15: 33, 34, 27, 27, 25, 29, 29, 27, 31, 34, 22, 25, 26, 27, 27
Trial 16: 28, 26, 22, 28, 33, 23, 24, 21, 30, 23, 22, 21, 25, 21, 28
Trial 17: 29, 32, 31, 35, 27, 29, 27, 30, 32, 27, 27, 28, 30, 29, 31
Trial 18: 21, 28, 26, 24, 22, 29, 21, 30, 19, 30, 20, 23, 24, 20, 27
Trial 19: 24, 23, 23, 21, 19, 21, 19, 25, 24, 28, 23, 18, 23, 25, 19
Trial 20: 19, 18, 19, 22, 18, 21, 23, 22, 18, 18, 23, 17, 18, 18, 18
n = 180:
Trial 1: 36, 30, 31, 26, 28, 21, 28, 24, 32, 32, 21, 23, 22, 28, 32
Trial 2: 21, 16, 23, 20, 25, 24, 19, 20, 26, 22, 21, 19, 17, 27, 25
Trial 3: 18, 18, 22, 28, 22, 26, 23, 21, 25, 22, 20, 20, 19, 21, 27
Trial 4: 23, 24, 24, 25, 27, 22, 26, 17, 22, 23, 16, 25, 18, 25, 24
Trial 5: 27, 30, 22, 31, 28, 25, 22, 32, 19, 24, 28, 27, 26, 21, 28
Trial 6: 17, 20, 19, 17, 21, 16, 16, 21, 20, 22, 25, 24, 20, 18, 25
Trial 7: 20, 26, 23, 26, 23, 25, 17, 17, 27, 26, 26, 29, 23, 21, 21
Trial 8: 40, 39, 28, 31, 31, 25, 29, 27, 36, 39, 26, 36, 28, 36, 28
Trial 9: 31, 23, 26, 31, 24, 26, 29, 28, 29, 18, 23, 28, 25, 25, 29
Trial 10: 18, 28, 27, 29, 18, 20, 29, 22, 18, 27, 18, 29, 16, 22, 21
Trial 11: 17, 26, 17, 17, 22, 20, 18, 20, 27, 21, 19, 24, 23, 26, 18
Trial 12: 21, 23, 22, 22, 22, 18, 24, 19, 27, 22, 25, 21, 25, 24, 21
Trial 13: 22, 22, 27, 24, 21, 26, 20, 20, 23, 22, 19, 22, 20, 24, 23
Trial 14: 28, 30, 21, 25, 27, 25, 19, 19, 19, 25, 22, 22, 31, 21, 29
Trial 15: 26, 26, 38, 28, 29, 27, 36, 33, 38, 30, 27, 29, 30, 32, 38
Trial 16: 20, 23, 22, 22, 23, 16, 21, 20, 16, 23, 20, 24, 24, 22, 23
Trial 17: 18, 18, 23, 23, 21, 22, 20, 22, 19, 23, 20, 24, 19, 24, 21
Trial 18: 18, 16, 21, 21, 23, 19, 23, 26, 25, 20, 21, 20, 24, 24, 26
Trial 19: 15, 14, 18, 19, 22, 18, 24, 21, 21, 20, 23, 20, 16, 22, 23
Trial 20: 30, 36, 30, 33, 31, 31, 25, 31, 29, 40, 37, 24, 37, 35, 24
n = 190:
Trial 1: 29, 35, 27, 27, 31, 33, 30, 23, 32, 32, 30, 32, 22, 39, 20
Trial 2: 23, 24, 21, 27, 25, 22, 26, 21, 23, 26, 21, 22, 23, 28, 24
Trial 3: 16, 22, 22, 20, 22, 21, 24, 20, 22, 21, 16, 26, 21, 20, 19
Trial 4: 29, 31, 25, 31, 27, 25, 23, 29, 22, 26, 23, 30, 26, 22, 27
Trial 5: 36, 32, 29, 27, 36, 32, 38, 38, 32, 25, 31, 30, 36, 29, 31
Trial 6: 28, 28, 23, 23, 23, 30, 20, 28, 19, 25, 23, 29, 23, 26, 24
Trial 7: 30, 26, 34, 23, 28, 36, 35, 30, 29, 36, 25, 21, 28, 32, 23
Trial 8: 27, 30, 31, 31, 24, 28, 27, 19, 33, 30, 33, 30, 27, 30, 24
Trial 9: 26, 31, 23, 29, 34, 32, 28, 29, 28, 29, 30, 27, 20, 28, 29
Trial 10: 27, 18, 22, 26, 25, 30, 27, 20, 25, 24, 22, 29, 33, 23, 31
Trial 11: 16, 21, 16, 17, 19, 17, 16, 23, 18, 14, 15, 17, 23, 21, 20
Trial 12: 34, 34, 33, 34, 25, 20, 29, 34, 34, 36, 29, 35, 27, 32, 29
Trial 13: 26, 21, 25, 18, 26, 21, 26, 24, 25, 27, 23, 17, 27, 19, 24
Trial 14: 23, 29, 23, 22, 22, 28, 26, 23, 26, 28, 33, 23, 34, 20, 26
Trial 15: 27, 21, 22, 28, 21, 28, 20, 19, 23, 22, 25, 23, 24, 30, 22
Trial 16: 31, 36, 31, 26, 24, 31, 31, 23, 32, 23, 30, 27, 23, 22, 21
Trial 17: 18, 17, 17, 28, 21, 28, 22, 18, 28, 21, 28, 27, 21, 23, 19
Trial 18: 26, 33, 32, 30, 32, 31, 21, 32, 27, 30, 33, 33, 28, 27, 28
Trial 19: 25, 26, 44, 31, 33, 28, 36, 32, 39, 32, 35, 31, 27, 30, 40
Trial 20: 19, 23, 27, 20, 19, 24, 25, 25, 25, 21, 22, 24, 18, 25, 24
n = 200:
Trial 1: 27, 35, 33, 30, 26, 34, 26, 26, 32, 35, 31, 25, 28, 25, 29
Trial 2: 22, 19, 18, 23, 26, 28, 22, 19, 25, 22, 21, 23, 24, 23, 27
Trial 3: 34, 30, 30, 31, 29, 28, 23, 30, 32, 31, 31, 23, 28, 27, 27
Trial 4: 23, 22, 21, 30, 26, 28, 19, 30, 23, 32, 26, 27, 25, 28, 31
Trial 5: 33, 29, 26, 26, 31, 29, 21, 33, 25, 26, 30, 23, 21, 24, 20
Trial 6: 21, 26, 16, 19, 19, 24, 16, 20, 24, 20, 16, 20, 21, 25, 17
Trial 7: 20, 20, 19, 24, 25, 25, 25, 29, 31, 27, 23, 28, 23, 32, 26
Trial 8: 17, 22, 19, 26, 23, 17, 19, 18, 22, 26, 24, 19, 21, 21, 25
Trial 9: 22, 36, 22, 37, 28, 38, 34, 23, 32, 31, 24, 31, 32, 30, 35
Trial 10: 17, 20, 26, 27, 17, 21, 25, 21, 25, 27, 24, 26, 19, 15, 21
Trial 11: 30, 26, 31, 23, 26, 33, 28, 25, 29, 28, 22, 31, 30, 27, 32
Trial 12: 24, 23, 20, 20, 16, 26, 17, 23, 29, 23, 17, 19, 26, 27, 26
Trial 13: 21, 18, 19, 21, 16, 19, 19, 24, 18, 19, 16, 26, 22, 20, 22
Trial 14: 28, 31, 31, 20, 25, 22, 19, 31, 28, 28, 32, 20, 31, 31, 30
Trial 15: 40, 31, 25, 37, 37, 37, 29, 37, 37, 39, 37, 38, 41, 39, 44
Trial 16: 24, 21, 24, 19, 24, 25, 25, 27, 19, 24, 19, 27, 25, 27, 25
Trial 17: 17, 17, 19, 25, 27, 19, 21, 19, 18, 18, 25, 20, 27, 18, 22
Trial 18: 26, 22, 22, 28, 18, 23, 24, 26, 20, 25, 21, 26, 23, 28, 17
Trial 19: 31, 30, 27, 29, 30, 32, 21, 33, 23, 27, 24, 24, 32, 28, 34
Trial 20: 21, 26, 31, 29, 30, 22, 23, 25, 19, 31, 20, 29, 30, 25, 28
